WEIGHT,f,CUMULATIVE f,cum percent
240–249,1,53,100
230–239,0,52,98
220–229,3,52,98
210–219,0,49,92
200–209,2,49,92
190–199,4,47,89
180–189,3,43,81
170–179,7,40,75
160–169,12,33,62
150–159,17,21,40
140–149,1,4,8
130–139,3,3,6
