WEIGHT,f,CUMULATIVE f,cum percent,movie_ratings
240–249,1,53,100,PG
230–239,0,52,98,G
220–229,3,52,98,R
210–219,0,49,92,NC-17
200–209,2,49,92,PG
190–199,4,47,89,PG-13
180–189,3,43,81,PG
170–179,7,40,75,NC-17
160–169,12,33,62,PG
150–159,17,21,40,R
140–149,1,4,8,R
130–139,3,3,6,PG
,,,,PG-13
,,,,PG
,,,,PG
,,,,G
,,,,G
,,,,PG
,,,,R
,,,,PG-13
